CAMERA INTRINSIC MATRIX:
  569.48086 0.0000  337.45956   
 0.0000 571.95180 284.46414 
 0.0000 0.0000 1.0000
CAMERA DISTORTION VECTOR:
0.00325   -0.14656   0.00547   0.00284 
PROJECTOR INTRINSIC MATRIX:
  1173.64709   0.0000 441.60195
 0.0000  1171.98266 379.87781
 0.0000 0.0000 1.0000 
PROJECTOR DISTORTION VECTOR:
0.30025   -1.75540   -0.01021   0.01144
PROJECTOREXTRINSIC
    0.9968    0.0357    0.0711  -7.3250
    -0.0406    0.9968    0.0692  -34.7797
   -0.0684   -0.0719    0.9951  -3.2426
      0               0            0              1

 

