CAMERA INTRINSIC MATRIX:
  585.48086 0.0000  329.45956   
 0.0000 581.95180 240.46414 
 0.0000 0.0000 1.0000
CAMERA DISTORTION VECTOR:
-0.00005   -0.14922   0.00297   0.00204 
PROJECTOR INTRINSIC MATRIX:
  1197.64709   0.0000 404.60195
 0.0000  1183.98266 309.87781
 0.0000 0.0000 1.0000 
PROJECTOR DISTORTION VECTOR:
0.45380   -3.02002   0.00025   0.00414
PROJECTOREXTRINSIC
   0.9986    0.0160    0.0511 -6.4981
   -0.0206    0.9957    0.0904   -34.5313
   -0.0495   -0.0914    0.9946    -3.2155
      0               0            0              1

 

